NAME: USA_TSP
TYPE: TSP
COMMENT: 20 locations in USA
DIMENSION: 20
EDGE_WEIGHT_TYPE: EUC_2D
NODE_COORD_SECTION
1 1330.9 -4641.6
2 1250.08 -4721.35
3 1141.20 -4797.69
4 827.56 -5137.89
5 2.73 -5211.15
6 793.90 -5441.97
7 -518.52 -5505.83
8 -743.90 -5451.86
9 -816.49 -5482.93
10 -683.63 -5314.47
11 -634.23 -5318.77
12 -2444.27 -4766.25
13 -2498.51 -4649.95
14 -2675.85 -4303.96
15 -2699.61 -4250.62
16 328.75 -4885.11
17 -1997.34 -4926.24
18 596.65 -4845.30
19 196.16 -4739.44
20 569.92 -4675.34
EOF

